Star 2.0 red 1.98892e+30 170822.72747279616 4749.669936078534 0.3060943630762734 0.012595949193983977
Planet 2.0 orange 3.302e+23 35302890926.78456 45481876458.37255 -37971.66273110662 29602.91643987331
Planet 5.0 blue 4.869e+24 101361429248.43257 37585707871.5506 -12184.793507097731 32867.801986849045
Planet 5.0 green 5.974e+24 145994278748.9987 32366473903.051613 -6454.490258600755 29064.048841178752
Planet 3.0 red 6.419e+23 226382833796.37988 26394997910.926743 -2794.741078478863 23970.101872484516
Planet 20.0 yellow 1.899e+27 778276371695.5549 14328450083.616068 -240.07309209160897 13067.823110865958
Planet 15.0 white 5.685e+26 1429360171966.5115 10601585607.39645 -71.55554442334122 9669.74084633786

Star 2.0 red 1.98892e+30 10.820677322738938 0.0024083862214704993 0.0024496843084415936 8.155149126024901e-07
Planet 2.0 orange 3.302e+23 57907474135.02977 417754885.94979584 -345.43796910670375 47868.76930985664
Planet 5.0 blue 4.869e+24 108209563022.11862 305616960.06575996 -98.9270210571118 35019.86201163145
Planet 5.0 green 5.974e+24 149599771366.4417 259713542.8181239 -51.76016148747978 29759.955623116162
Planet 3.0 red 6.419e+23 227939901527.8999 210580983.08174834 -22.29302075263997 24129.98982760891
Planet 20.0 yellow 1.899e+27 778409991558.4084 114061078.80881898 -1.911085307292895 13069.999861635913
Planet 15.0 white 5.685e+26 1429399997484.0317 84389490.08392029 -0.5695879305593902 9669.99998352842

Star 2.0 red 1.98892e+30 930538301714.5822 2187093801772.0781 24.115842249271523 56.65847209667818
Planet 2.0 orange 3.302e+23 -9756801862369690.0 5323707913398745.0 -253127.12027007336 138116.1537424413
Planet 5.0 blue 4.869e+24 -487876453408135.75 -579198330989738.1 -12620.786482764355 -14991.928374266618
Planet 5.0 green 5.974e+24 -909545802920716.9 -1752439485626308.2 -23554.904995034678 -45387.76537087228
Planet 3.0 red 6.419e+23 1418056239773036.0 -2565741087638036.5 36747.46614397526 -66484.66018760805
Planet 20.0 yellow 1.899e+27 -995695151828557.1 -1592245229739784.5 -25828.41280122267 -41313.148545397795
Planet 15.0 white 5.685e+26 92298676412187.61 -225204430141516.38 2367.347284997459 -5624.216596000309

Star 2.0 red 1.98892e+30 -469622307352.6572 704254824541.008 -13.039292268593453 25.410101638729518
Planet 2.0 orange 3.302e+23 -2104848288219271.0 -810193758494643.8 -75750.76629144647 -29159.139819291635
Planet 5.0 blue 4.869e+24 -2051856153473438.0 -300099366261039.9 -91984.29866564921 -13461.770049991728
Planet 5.0 green 5.974e+24 3914689423373520.5 3845170102470538.5 145582.65713856387 142997.9718746156
Planet 3.0 red 6.419e+23 -1867322767951229.0 -1466023538756683.5 -69448.62351775804 -54527.12077089341
Planet 20.0 yellow 1.899e+27 488220799861882.06 -299057017114735.3 18132.732079634283 -11086.839758712933
Planet 15.0 white 5.685e+26 -4045576959007.5312 1773164334267.3716 -15571.145663064279 823.3482369035146

Star 30.0 red 1.98892e+30 11998.599388046792 2811229.8847522642 -0.017828749294211854 0.0010520804977174059
Planet 5.0 green 5.974e+24 145605313978.09305 -28617638132.246536 5935.714102149953 29409.731512634662

Star 30.0 white 1e+30 7166713124.220059 -6978597061.544134 29229.427831479883 27351.394904055403
Star 30.0 cyan 1e+30 -7166713124.220059 6978597061.544134 -29229.427831479883 -27351.394904055403

Star 30.0 white 1e+30 -9717892095945.117 2298057181958.4575 -168512.08056202013 39808.05643476218
Star 30.0 cyan 1e+30 9717892095945.117 -2298057181958.4575 168512.08056202013 -39808.05643476218

Star 30.0 white 1e+30 190666450161.0528 397585044488.4885 18274.3582081385 40204.30188271879
Star 30.0 cyan 1e+30 -190666450161.0528 -397585044488.4885 -18274.3582081385 -40204.30188271879

Star 30.0 red 1.98892e+30 2253.617999699053 5662842.38133108 0.01655554022344229 0.0025333391548076406
Planet 5.0 green 5.974e+24 148849704400.40814 26833808847.067574 -5511.825420356349 28916.57701510216

Star 30.0 white 1e+30 706338492715.2919 -2293273101799.248 44040.60439337845 -142420.57381808985
Star 30.0 cyan 1e+30 -706338492715.2919 2293273101799.248 -44040.60439337845 142420.57381808985

Star 30.0 red 1.98892e+30 -10199651.707801875 165911829.50408575 -0.052947481961795155 0.08180771739820017
Planet 5.0 green 5.974e+24 3545363521038.12 255186602345.70157 17627.7713129317 2523.8089575446184

Star 2.0 red 1.98892e+30 2176755943.4871736 9309256065.875492 -4.558782973870013 29.690782517119526
Planet 2.0 orange 3.302e+23 -5263406044126.322 -20182397928857.336 -16653.767427249728 -64384.34714404326
Planet 5.0 blue 4.869e+24 -191936377878.9288 104939968026.84366 -3852.035552657185 -17598.82917545564
Planet 5.0 green 5.974e+24 199690988721.94583 170948591682.80325 -11453.233360965447 13200.056753050161
Planet 3.0 red 6.419e+23 -173779849699.75873 -110381871528.37419 10582.558270296566 -24028.104898125275
Planet 20.0 yellow 1.899e+27 -752629720267.8738 -168119264593.58118 2906.5499455217278 -12763.047725502485
Planet 15.0 white 5.685e+26 -1066240934011.394 -949491200642.4078 6391.204209144799 -7168.213333415175

Star 2.0 red 1.98892e+30 531344889.26702094 216937450.99626192 13.166265474554205 7.901118006875512
Planet 2.0 orange 3.302e+23 -3251524432864.1133 629260849502.3132 -74495.1692529584 13563.897349055344
Planet 5.0 blue 4.869e+24 -560382560416.5117 -1731165677346.4148 -5514.4346313534725 -23800.67167234527
Planet 5.0 green 5.974e+24 -18134259582.991238 -371854713375.8295 12314.66313122218 6741.3028442052055
Planet 3.0 red 6.419e+23 219342044983.01672 79617497521.7621 -1751.508340454105 24501.105757693673
Planet 20.0 yellow 1.899e+27 273450515398.5565 697794872001.1228 -12494.07863699002 5311.126336675059
Planet 15.0 white 5.685e+26 1266640632695.6162 640427763946.0336 -4364.800023291265 8710.300210923737

Star 30.0 red 1.98892e+30 71364013.64929698 34285032.25129651 0.15274540131559325 0.03798463779607718
Planet 5.0 green 5.974e+24 -23609575431429.47 8032938409260.032 -50853.428788853285 17113.798827356237

Star 30.0 red 1.98892e+30 -2936676.1182797947 251308673.53654894 -0.06393026044252682 0.14119470788859176
Planet 5.0 green 5.974e+24 1127305702237.8958 -1122449149527.573 21284.260729720572 -17247.863812148913

Star 30.0 red 1.98892e+30 230294.54327504837 69283039.15154989 0.004465622459908586 -0.013854104861975719
Planet 5.0 green 5.974e+24 92928184966.40637 1246509623485.5747 -1486.7368300906383 34372.43827286248

Star 2.0 red 1.98892e+30 208533946.1584814 56126527.96648029 9.256620648783537 3.487136732976871
Planet 2.0 orange 3.302e+23 49314668582.90992 33756693179.393066 -30472.061331574987 35535.872824904225
Planet 5.0 blue 4.869e+24 27419185515.041378 97891313907.64085 -35868.494673780064 10270.017338152724
Planet 5.0 green 5.974e+24 -106616927961.15353 95660302195.54816 -21595.605451742995 -22337.113447004558
Planet 3.0 red 6.419e+23 -17507477795.841137 -233250370308.15753 23402.62352010762 -2372.3092088622375
Planet 20.0 yellow 1.899e+27 579490692117.5786 517829994473.65674 -8702.598656711672 9777.724540621968
Planet 15.0 white 5.685e+26 1367966104595.9333 413309878916.3496 -2789.353585811112 9264.046594184434

Star 30.0 red 1.98892e+30 669483.6836592923 530966.881447145 0.08080331866513972 0.1326728686662017
Planet 5.0 green 5.974e+24 -73290774707.6731 126233567488.74553 -26901.79721450781 -14410.693329022757

Star 30.0 red 1.98892e+30 579009.1731540555 3271097.0280473125 0.09600929405562336 0.11301217281417389
Planet 5.0 green 5.974e+24 -43169153777.96506 128663811854.95064 -31964.31287798969 -7865.070430794556

Star 30.0 red 1.98892e+30 106258.22543745229 2841164.7038066844 0.05729021102188256 0.019605628613275076
Planet 5.0 green 5.974e+24 114223516950.60931 94288871214.96576 -19073.593322002474 23232.710602357714

Star 30.0 red 1.98892e+30 21425.863976765242 8447728.725856954 -0.040172958007704325 0.0127762560801176
Planet 5.0 green 5.974e+24 142466700806.71948 -61172620643.95534 13374.757221406666 25506.409232864466

Star 30.0 red 1.98892e+30 -24655036.05470176 57719176.58432287 -0.09089730474542103 0.08434242381817231
Planet 5.0 green 5.974e+24 8357985388335.672 316888319533.5657 30262.381545741977 1679.9307699297983

Star 2.0 red 1.98892e+30 889616901.8614455 5709223570.199485 7.3315958740594755 7.303234421025954
Planet 2.0 orange 3.302e+23 -4876951026562.213 -1783578206543.6006 -19228.609304108533 -7619.980733687994
Planet 5.0 blue 4.869e+24 -65034757165.31322 -68520219019.48502 28321.56333475087 -25593.618150566
Planet 5.0 green 5.974e+24 10067981671.246117 166560213564.33856 -26968.487978706813 12321.820729944942
Planet 3.0 red 6.419e+23 -376813460.2621231 -206888269115.84 25836.850084582195 -6561.272829535804
Planet 20.0 yellow 1.899e+27 671817617777.3215 411826895582.2498 -6541.440378518833 11204.402043909568
Planet 15.0 white 5.685e+26 -1320828274874.1162 545277027660.9765 -3776.2281776539844 -8879.606994985465

Star 30.0 red 1.98892e+30 1.0360248488009935 0.0007290050968062532 0.00019087050820205907 2.0070783823323618e-07
Planet 5.0 green 5.974e+24 149599655076.90955 318844034.33739346 -63.546396245938986 29759.93317846777

Star 30.0 red 1.98892e+30 243068.65033075074 5543585.231038258 -0.07765407584701836 0.05537818029739751
Planet 5.0 green 5.974e+24 68675309672.60809 -142122517740.43472 25853.321816814827 11322.977844476092

Star 30.0 red 1.98892e+30 69526.57473427842 2796988.9807442757 -0.04844820746973035 0.014707043982526109
Planet 5.0 green 5.974e+24 126452561931.61984 -81091085257.28983 16129.830733293582 24863.593251134003

Star 30.0 red 1.98892e+30 884305.8626990452 4264577.190001082 -0.003642015261951472 0.18142343700307847
Planet 5.0 green 5.974e+24 -144811385410.0068 -12242466599.258667 1212.533812320171 -30641.188872474573

Star 30.0 red 1.98892e+30 871324.129884461 1671529.0690034435 -0.026650187805353737 0.17572367199416059
Planet 5.0 green 5.974e+24 -140489385405.05508 -46644990872.9523 8872.629984905332 -28743.569752699295

Star 2.0 red 1.98892e+30 934425407.3738308 569226553.3940216 14.277478943362599 14.895588369507223
Planet 2.0 orange 3.302e+23 -17433706987.9162 55084849114.14833 -46689.866117253194 -12288.712920775077
Planet 5.0 blue 4.869e+24 13775987077.06843 109488555322.93091 -34200.597310846206 4909.771512649269
Planet 5.0 green 5.974e+24 25431687709.112526 148254330762.2228 -29302.33752935281 5013.575448697292
Planet 3.0 red 6.419e+23 -49554667852.85888 -222419557988.47183 23395.844356459314 -5652.505433343081
Planet 20.0 yellow 1.899e+27 -102796700371.47557 771696291468.6383 -12945.121705828866 -1705.314026028035
Planet 15.0 white 5.685e+26 1106301891762.8186 906336810553.1809 -6107.30558778774 7498.69191832078

Star 2.0 red 1.98892e+30 762069174.9136071 5409736872.742532 -2.7649258379447677 5.994490969810023
Planet 2.0 orange 3.302e+23 2387201307110.339 3947232638852.419 7106.643091560064 12939.775660399733
Planet 5.0 blue 4.869e+24 -1694295826438.4348 330833750513.6813 -18641.90846995666 1353.6333742606269
Planet 5.0 green 5.974e+24 -133191715397.57974 12768645402.530273 -14503.770378551002 -32432.42030680538
Planet 3.0 red 6.419e+23 -26478179235.37402 -253737284813.3392 20591.752519890797 -5954.587668811344
Planet 20.0 yellow 1.899e+27 722680005853.6057 -290683222966.92773 4994.521775935537 12047.072784332157
Planet 15.0 white 5.685e+26 -1033226890411.6323 994382022876.5043 -6725.650022526238 -6888.874023229824

Star 2.0 red 1.98892e+30 1522329035.8359656 1465275990.922043 10.147455713704586 23.80557454180479
Planet 2.0 orange 3.302e+23 33399424472.853584 -40549489458.056244 44593.535257924064 28223.892708133622
Planet 5.0 blue 4.869e+24 -118394076986.61366 -3790271519.5863 -1475.1017588129384 -31641.831426691904
Planet 5.0 green 5.974e+24 -67373007512.11219 -129333409874.23793 26415.835115887505 -14465.690267949696
Planet 3.0 red 6.419e+23 -224162206220.38214 31547349833.718773 -3273.25859707658 -23909.16140736241
Planet 20.0 yellow 1.899e+27 -608400757441.8457 484462536828.8587 -8136.5328411649525 -10201.706827009388
Planet 15.0 white 5.685e+26 779888421095.9535 1200126735865.2805 -8081.010753985787 5300.705847948859
Planet 8.0 gray 8.685e+25 2698019528542.637 985556733455.4965 -2325.1603242923134 6430.451918385446
Planet 7.0 blue 1.024e+26 4427318344198.731 801547915021.1029 -961.4899813551373 5394.112659631218

